x = [1 2 3 4 5 6 7 8 9 10 11 12 13 14 15 16 ;
2 2 1 1 1 2 1 2 1 2 1 1 2 2 2 2 ];
y = [1695 1863 1857 1839 1806 1878 1813 1855 1717 1721 1670 1658 1669 1750 1840 2000 ];

x = [1 2 3 4 5 6 7 8 9 10 11 12 13 14 15 16 ;
2 2 1 1 1 2 1 2 1 2 1 1 2 2 2 2 ];
y = [1695 1863 1857 1839 1806 1878 1813 1855 1717 1721 1670 1658 1669 1750 1840 2000 ];

x = [1 2 3 4 5 6 7 8 9 10 11 12 13 14 15 16 ;
2 2 1 1 1 2 1 2 1 2 1 1 2 2 2 2 ];
y = [1695 1863 1857 1839 1806 1878 1813 1855 1717 1721 1670 1658 1669 1750 1840 2000 ];

